/*--------------------------------*- C++ -*----------------------------------*\
| =========                 |                                                 |
| \\      /  F ield         | OpenFOAM: The Open Source CFD Toolbox           |
|  \\    /   O peration     | Version:  3.0.1                                 |
|   \\  /    A nd           | Web:      www.OpenFOAM.org                      |
|    \\/     M anipulation  |                                                 |
\*---------------------------------------------------------------------------*/
FoamFile
{
    version     2.0;
    format      binary;
    class       cellSet;
    location    "constant/polyMesh/sets";
    object      actuationDisk1;
}
// * * * * * * * * * * * * * * * * * * * * * * * * * * * * * * * * * * * * * //


484
(
8205 
8207 
8209 
8211 
8212 
8214 
8216 
8218 
12322 
4131 
12323 
4132 
12324 
4135 
12327 
4136 
8233 
8234 
6189 
8238 
8239 
6192 
6193 
6195 
6196 
6198 
12342 
4152 
6200 
12344 
6201 
4154 
12346 
4155 
12348 
4157 
12356 
4166 
12358 
4168 
6217 
12361 
4170 
6218 
12362 
4171 
6221 
4174 
6222 
4175 
4176 
4178 
5202 
4180 
4181 
5205 
5206 
4184 
5208 
4186 
4187 
5211 
4188 
5212 
5214 
4191 
4192 
11363 
11364 
6245 
11365 
9318 
5223 
6247 
5224 
9320 
11368 
6249 
9321 
6250 
5227 
9323 
5228 
6252 
6254 
6256 
6257 
4215 
11383 
4218 
11386 
4219 
4220 
11388 
11389 
12413 
4222 
11390 
12414 
12415 
11392 
4225 
6273 
4226 
6274 
12418 
11395 
4228 
11396 
6277 
13445 
6278 
13446 
13447 
13449 
13459 
13460 
13461 
13463 
12440 
12443 
12445 
12446 
12447 
12449 
12452 
12453 
12468 
12471 
12473 
9402 
12474 
12475 
9404 
12476 
9405 
11454 
9407 
11455 
10432 
11456 
12480 
10433 
12481 
10434 
11459 
10436 
8394 
8397 
8398 
8400 
9424 
8401 
9425 
9426 
8403 
9428 
8405 
8407 
11481 
11484 
11485 
11487 
11488 
11490 
11493 
8422 
11494 
8423 
8427 
8428 
12524 
12526 
12528 
12530 
11509 
6392 
11512 
11513 
12538 
6395 
8443 
11515 
12539 
6396 
11516 
11517 
6398 
8446 
10494 
12543 
8448 
10496 
12544 
6401 
8449 
10497 
11521 
6402 
8450 
11522 
6404 
8452 
10500 
6406 
8454 
6407 
8456 
6410 
6411 
10509 
10510 
10511 
10513 
8471 
8472 
8476 
8477 
11565 
11568 
11570 
11571 
11572 
11573 
11577 
11578 
6483 
6485 
6487 
6488 
6497 
6500 
6501 
6503 
6511 
6512 
9584 
9586 
6515 
9587 
6516 
9590 
9599 
9600 
9601 
9603 
6532 
10628 
10629 
6534 
10630 
6536 
10632 
6537 
6546 
6548 
6549 
6551 
6560 
6561 
6564 
6565 
10684 
10685 
10686 
10688 
9676 
9677 
9678 
9681 
9731 
9733 
9734 
2567 
9736 
3599 
3601 
9746 
9747 
3604 
9748 
3605 
9751 
3641 
3642 
3644 
3647 
6784 
6787 
6789 
7813 
6790 
6791 
7815 
7817 
6794 
7818 
6796 
7820 
6797 
6798 
7822 
6799 
7824 
7825 
6803 
6804 
7841 
7842 
7845 
7846 
6833 
6835 
6837 
6839 
6840 
6843 
6845 
6846 
6854 
6855 
6859 
2764 
6860 
3837 
3839 
3841 
3843 
7960 
12056 
12057 
7962 
12058 
7964 
12060 
7965 
7967 
7969 
7970 
7972 
3879 
3882 
3883 
3885 
7981 
3886 
7982 
3887 
7985 
3890 
7986 
12083 
3891 
12086 
12087 
12089 
12090 
12092 
12094 
12095 
3907 
3908 
3910 
3913 
12111 
3921 
12114 
3923 
12115 
3925 
12117 
12118 
3927 
12119 
3928 
3930 
12122 
3931 
12123 
3933 
13157 
13160 
13161 
13162 
7022 
7025 
7027 
8051 
7028 
7029 
8053 
7031 
8055 
8056 
7033 
7035 
8065 
8067 
8069 
8070 
7050 
7051 
7055 
3984 
7056 
3985 
3989 
3990 
8086 
3991 
8087 
3992 
6042 
8090 
3995 
8091 
6044 
3997 
6046 
6047 
7071 
7074 
7076 
8100 
7077 
7078 
8102 
6056 
8104 
7081 
8105 
7083 
6059 
6060 
7084 
6062 
8114 
4019 
7092 
8116 
7093 
8117 
4022 
6070 
4023 
6071 
8119 
4025 
7097 
4026 
6074 
7098 
6075 
4029 
4031 
5055 
4032 
8128 
8129 
5058 
5059 
8132 
5061 
8133 
5069 
5072 
5073 
5075 
5076 
5077 
5080 
5081 
8156 
8159 
8160 
8162 
8163 
8166 
8168 
8169 
8170 
8171 
8175 
8176 
)

// ************************************************************************* //
