/*--------------------------------*- C++ -*----------------------------------*\
| =========                 |                                                 |
| \\      /  F ield         | OpenFOAM: The Open Source CFD Toolbox           |
|  \\    /   O peration     | Version:  3.0.1                                 |
|   \\  /    A nd           | Web:      www.OpenFOAM.org                      |
|    \\/     M anipulation  |                                                 |
\*---------------------------------------------------------------------------*/
FoamFile
{
    version     2.0;
    format      binary;
    class       cellSet;
    location    "constant/polyMesh/sets";
    object      actuationDisk1CellSet;
}
// * * * * * * * * * * * * * * * * * * * * * * * * * * * * * * * * * * * * * //


484
(
2567 
2764 
3599 
3601 
3604 
3605 
3641 
3642 
3644 
3647 
3837 
3839 
3841 
3843 
3879 
3882 
3883 
3885 
3886 
3887 
3890 
3891 
3907 
3908 
3910 
3913 
3921 
3923 
3925 
3927 
3928 
3930 
3931 
3933 
3984 
3985 
3989 
3990 
3991 
3992 
3995 
3997 
4019 
4022 
4023 
4025 
4026 
4029 
4031 
4032 
4131 
4132 
4135 
4136 
4152 
4154 
4155 
4157 
4166 
4168 
4170 
4171 
4174 
4175 
4176 
4178 
4180 
4181 
4184 
4186 
4187 
4188 
4191 
4192 
4215 
4218 
4219 
4220 
4222 
4225 
4226 
4228 
5055 
5058 
5059 
5061 
5069 
5072 
5073 
5075 
5076 
5077 
5080 
5081 
5202 
5205 
5206 
5208 
5211 
5212 
5214 
5223 
5224 
5227 
5228 
6042 
6044 
6046 
6047 
6056 
6059 
6060 
6062 
6070 
6071 
6074 
6075 
6189 
6192 
6193 
6195 
6196 
6198 
6200 
6201 
6217 
6218 
6221 
6222 
6245 
6247 
6249 
6250 
6252 
6254 
6256 
6257 
6273 
6274 
6277 
6278 
6392 
6395 
6396 
6398 
6401 
6402 
6404 
6406 
6407 
6410 
6411 
6483 
6485 
6487 
6488 
6497 
6500 
6501 
6503 
6511 
6512 
6515 
6516 
6532 
6534 
6536 
6537 
6546 
6548 
6549 
6551 
6560 
6561 
6564 
6565 
6784 
6787 
6789 
6790 
6791 
6794 
6796 
6797 
6798 
6799 
6803 
6804 
6833 
6835 
6837 
6839 
6840 
6843 
6845 
6846 
6854 
6855 
6859 
6860 
7022 
7025 
7027 
7028 
7029 
7031 
7033 
7035 
7050 
7051 
7055 
7056 
7071 
7074 
7076 
7077 
7078 
7081 
7083 
7084 
7092 
7093 
7097 
7098 
7813 
7815 
7817 
7818 
7820 
7822 
7824 
7825 
7841 
7842 
7845 
7846 
7960 
7962 
7964 
7965 
7967 
7969 
7970 
7972 
7981 
7982 
7985 
7986 
8051 
8053 
8055 
8056 
8065 
8067 
8069 
8070 
8086 
8087 
8090 
8091 
8100 
8102 
8104 
8105 
8114 
8116 
8117 
8119 
8128 
8129 
8132 
8133 
8156 
8159 
8160 
8162 
8163 
8166 
8168 
8169 
8170 
8171 
8175 
8176 
8205 
8207 
8209 
8211 
8212 
8214 
8216 
8218 
8233 
8234 
8238 
8239 
8394 
8397 
8398 
8400 
8401 
8403 
8405 
8407 
8422 
8423 
8427 
8428 
8443 
8446 
8448 
8449 
8450 
8452 
8454 
8456 
8471 
8472 
8476 
8477 
9318 
9320 
9321 
9323 
9402 
9404 
9405 
9407 
9424 
9425 
9426 
9428 
9584 
9586 
9587 
9590 
9599 
9600 
9601 
9603 
9676 
9677 
9678 
9681 
9731 
9733 
9734 
9736 
9746 
9747 
9748 
9751 
10432 
10433 
10434 
10436 
10494 
10496 
10497 
10500 
10509 
10510 
10511 
10513 
10628 
10629 
10630 
10632 
10684 
10685 
10686 
10688 
11363 
11364 
11365 
11368 
11383 
11386 
11388 
11389 
11390 
11392 
11395 
11396 
11454 
11455 
11456 
11459 
11481 
11484 
11485 
11487 
11488 
11490 
11493 
11494 
11509 
11512 
11513 
11515 
11516 
11517 
11521 
11522 
11565 
11568 
11570 
11571 
11572 
11573 
11577 
11578 
12056 
12057 
12058 
12060 
12083 
12086 
12087 
12089 
12090 
12092 
12094 
12095 
12111 
12114 
12115 
12117 
12118 
12119 
12122 
12123 
12322 
12323 
12324 
12327 
12342 
12344 
12346 
12348 
12356 
12358 
12361 
12362 
12413 
12414 
12415 
12418 
12440 
12443 
12445 
12446 
12447 
12449 
12452 
12453 
12468 
12471 
12473 
12474 
12475 
12476 
12480 
12481 
12524 
12526 
12528 
12530 
12538 
12539 
12543 
12544 
13157 
13160 
13161 
13162 
13445 
13446 
13447 
13449 
13459 
13460 
13461 
13463 
)

// ************************************************************************* //
