/*--------------------------------*- C++ -*----------------------------------*\
| =========                 |                                                 |
| \\      /  F ield         | OpenFOAM: The Open Source CFD Toolbox           |
|  \\    /   O peration     | Version:  3.0.1                                 |
|   \\  /    A nd           | Web:      www.OpenFOAM.org                      |
|    \\/     M anipulation  |                                                 |
\*---------------------------------------------------------------------------*/
FoamFile
{
    version     2.0;
    format      binary;
    class       cellSet;
    location    "constant/polyMesh/sets";
    object      actuationDisk2CellSet;
}
// * * * * * * * * * * * * * * * * * * * * * * * * * * * * * * * * * * * * * //


484
(
21663 
21664 
21750 
21751 
21754 
21755 
21785 
21787 
21789 
21791 
21799 
21801 
21803 
21804 
21827 
21829 
21831 
21832 
21981 
21983 
21985 
21986 
22009 
22011 
22013 
22014 
22030 
22031 
22034 
22035 
22072 
22074 
22076 
22078 
22940 
22942 
22944 
22945 
24623 
24624 
24627 
24628 
24644 
24645 
24649 
24650 
24658 
24660 
24662 
24664 
24665 
24667 
24669 
24671 
24672 
24675 
24677 
24678 
24679 
24680 
24684 
24685 
24700 
24703 
24705 
24706 
24707 
24710 
24712 
24713 
24721 
24723 
24725 
24726 
24742 
24743 
24746 
24748 
24749 
24751 
24753 
24754 
24763 
24765 
24767 
24769 
24770 
24772 
24774 
24775 
24791 
24792 
24795 
24797 
24798 
24800 
24802 
24803 
24812 
24814 
24816 
24818 
25410 
25412 
25414 
25415 
25431 
25432 
25435 
25437 
25438 
25440 
25442 
25443 
25452 
25454 
25456 
25458 
25459 
25462 
25464 
25465 
25466 
25467 
25471 
25472 
25487 
25490 
25492 
25493 
25494 
25497 
25499 
25500 
25508 
25511 
25512 
25514 
25522 
25523 
25526 
25527 
25536 
25538 
25540 
25541 
25543 
25546 
25547 
25549 
25557 
25559 
25561 
25562 
25578 
25579 
25582 
25584 
25585 
25587 
25589 
25590 
25599 
25601 
25603 
25605 
25606 
25608 
25610 
25611 
25627 
25628 
25631 
25633 
25634 
25636 
25638 
25639 
25648 
25650 
25652 
25654 
25683 
25685 
25688 
25689 
25690 
25691 
25695 
25696 
25711 
25714 
25716 
25717 
25725 
25728 
25730 
25731 
25760 
25763 
25764 
25766 
25774 
25775 
25778 
25779 
25788 
25790 
25792 
25793 
25795 
25798 
25799 
25801 
25809 
25810 
25813 
25814 
25830 
25831 
25835 
25836 
25844 
25846 
25848 
25850 
25851 
25853 
25855 
25857 
26278 
26279 
26282 
26283 
26299 
26300 
26303 
26304 
26313 
26315 
26317 
26318 
26320 
26322 
26324 
26325 
26327 
26329 
26332 
26333 
26334 
26335 
26339 
26340 
26355 
26358 
26360 
26361 
26369 
26372 
26374 
26375 
26432 
26434 
26436 
26437 
26453 
26454 
26457 
26458 
26460 
26462 
26464 
26465 
26474 
26476 
26478 
26479 
26481 
26482 
26485 
26486 
26502 
26503 
26506 
26508 
26516 
26518 
26520 
26521 
26523 
26525 
26527 
26529 
26838 
26839 
26843 
26844 
26866 
26869 
26871 
26872 
26978 
26979 
26982 
26984 
26985 
26987 
26989 
26990 
27286 
27287 
27291 
27292 
27314 
27317 
27319 
27320 
27454 
27455 
27458 
27459 
27461 
27463 
27465 
27466 
27755 
27757 
27822 
27824 
27825 
27828 
27837 
27838 
27839 
27842 
27843 
27846 
27848 
27849 
27857 
27860 
27862 
27863 
27878 
27880 
27881 
27884 
27885 
27887 
27888 
27890 
27892 
27894 
27896 
27898 
27913 
27916 
27918 
27919 
27920 
27922 
27923 
27926 
27935 
27936 
27937 
27940 
27941 
27944 
27946 
27947 
27955 
27958 
27960 
27961 
27976 
27978 
27979 
27982 
27983 
27985 
27986 
27988 
27990 
27992 
27994 
27996 
28011 
28014 
28016 
28017 
28165 
28167 
28168 
28171 
28180 
28181 
28182 
28185 
28186 
28188 
28191 
28192 
28207 
28210 
28212 
28213 
28214 
28216 
28217 
28219 
28229 
28230 
28231 
28234 
28235 
28238 
28240 
28241 
28249 
28252 
28253 
28255 
28445 
28447 
28448 
28451 
28480 
28483 
28485 
28486 
28795 
28797 
28798 
28801 
28810 
28811 
28812 
28815 
28816 
28819 
28821 
28822 
28830 
28833 
28835 
28836 
28844 
28846 
28847 
28849 
28859 
28860 
28861 
28864 
28865 
28868 
28870 
28871 
28879 
28882 
28883 
28885 
29112 
29113 
29114 
29115 
29120 
29121 
29372 
29375 
29376 
29377 
29395 
29397 
29398 
29401 
29402 
29403 
29406 
29407 
29410 
29413 
)

// ************************************************************************* //
