/*--------------------------------*- C++ -*----------------------------------*\
| =========                 |                                                 |
| \\      /  F ield         | OpenFOAM: The Open Source CFD Toolbox           |
|  \\    /   O peration     | Version:  3.0.1                                 |
|   \\  /    A nd           | Web:      www.OpenFOAM.org                      |
|    \\/     M anipulation  |                                                 |
\*---------------------------------------------------------------------------*/
FoamFile
{
    version     2.0;
    format      binary;
    class       cellSet;
    location    "constant/polyMesh/sets";
    object      actuationDisk2;
}
// * * * * * * * * * * * * * * * * * * * * * * * * * * * * * * * * * * * * * //


484
(
25601 
25603 
25605 
25606 
25608 
25610 
25611 
25627 
25628 
25631 
25633 
25634 
25636 
25638 
25639 
24623 
24624 
25648 
25650 
24627 
24628 
25652 
25654 
24644 
24645 
24649 
24650 
24658 
25683 
24660 
25685 
24662 
24664 
25688 
24665 
25689 
25690 
25691 
24667 
24669 
24671 
25695 
24672 
25696 
24675 
24677 
24678 
24679 
24680 
27755 
24684 
24685 
27757 
25711 
25714 
25716 
25717 
28795 
24700 
25725 
28797 
28798 
24703 
25728 
24705 
28801 
24706 
25730 
24707 
25731 
24710 
24712 
24713 
28810 
28811 
28812 
28815 
28816 
24721 
24723 
28819 
24725 
28821 
24726 
28822 
28830 
21663 
21664 
25760 
28833 
25763 
28835 
25764 
28836 
24742 
25766 
24743 
24746 
24748 
28844 
24749 
25774 
27822 
28846 
24751 
25775 
28847 
27824 
24753 
27825 
28849 
24754 
25778 
25779 
27828 
24763 
28859 
25788 
28860 
24765 
27837 
28861 
25790 
27838 
24767 
27839 
25792 
28864 
24769 
25793 
28865 
24770 
27842 
25795 
27843 
24772 
28868 
24774 
25798 
27846 
28870 
24775 
25799 
28871 
27848 
25801 
27849 
28879 
25809 
27857 
25810 
28882 
28883 
27860 
25813 
28885 
25814 
26838 
27862 
24791 
26839 
27863 
24792 
24795 
26843 
26844 
24797 
24798 
24800 
24802 
24803 
25830 
27878 
25831 
27880 
27881 
25835 
24812 
25836 
27884 
27885 
24814 
27887 
24816 
27888 
24818 
26866 
27890 
25844 
27892 
26869 
21750 
25846 
27894 
21751 
26871 
25848 
26872 
27896 
21754 
25850 
27898 
21755 
25851 
25853 
25855 
25857 
27913 
27916 
27918 
27919 
27920 
27922 
27923 
27926 
21785 
21787 
21789 
21791 
27935 
27936 
27937 
27940 
27941 
21799 
27944 
21801 
27946 
21803 
27947 
21804 
27955 
27958 
27960 
27961 
21827 
21829 
21831 
21832 
27976 
27978 
27979 
27982 
27983 
27985 
27986 
27988 
27990 
27992 
27994 
27996 
26978 
26979 
26982 
26984 
26985 
26987 
28011 
26989 
26990 
28014 
28016 
28017 
22940 
22942 
22944 
22945 
29112 
29113 
29114 
29115 
29120 
29121 
21981 
21983 
21985 
21986 
22009 
22011 
22013 
22014 
28165 
28167 
28168 
28171 
22030 
22031 
22034 
22035 
28180 
28181 
28182 
28185 
28186 
28188 
28191 
28192 
28207 
28210 
28212 
28213 
28214 
22072 
28216 
28217 
22074 
28219 
22076 
22078 
28229 
28230 
28231 
28234 
28235 
28238 
28240 
28241 
28249 
28252 
28253 
28255 
27286 
27287 
27291 
27292 
26278 
26279 
26282 
26283 
27314 
27317 
27319 
27320 
26299 
26300 
29372 
26303 
29375 
26304 
29376 
29377 
26313 
26315 
26317 
26318 
26320 
26322 
29395 
26324 
26325 
29397 
29398 
26327 
26329 
29401 
29402 
29403 
26332 
26333 
26334 
29406 
26335 
29407 
29410 
26339 
26340 
29413 
26355 
26358 
26360 
26361 
26369 
26372 
26374 
26375 
28445 
28447 
28448 
28451 
27454 
27455 
26432 
28480 
25410 
26434 
27458 
27459 
28483 
25412 
26436 
26437 
27461 
28485 
25414 
28486 
25415 
27463 
27465 
27466 
26453 
26454 
25431 
25432 
26457 
26458 
25435 
26460 
25437 
25438 
26462 
25440 
26464 
26465 
25442 
25443 
26474 
25452 
26476 
25454 
26478 
26479 
25456 
26481 
25458 
26482 
25459 
26485 
25462 
26486 
25464 
25465 
25466 
25467 
25471 
25472 
26502 
26503 
26506 
26508 
25487 
25490 
25492 
26516 
25493 
25494 
26518 
26520 
25497 
26521 
25499 
26523 
25500 
26525 
26527 
26529 
25508 
25511 
25512 
25514 
25522 
25523 
25526 
25527 
25536 
25538 
25540 
25541 
25543 
25546 
25547 
25549 
25557 
25559 
25561 
25562 
25578 
25579 
25582 
25584 
25585 
25587 
25589 
25590 
25599 
)

// ************************************************************************* //
